MC:
r^2 : 0.000189759,2.12641E-06,3.97779E-05,0.00038232,1.78573E-05,0.000530638,0.000132401,4.07385E-05,0.000190795,0.001028743,0.001587116,0.001126246,0.000827755,0.000106066,0.000139815,0.000800919,0.000257723,0.000161712,4.43845E-05,6.46984E-05,0.000351078,0.000315171,0.000572088,0.00082201,0.000139502,8.63558E-06,2.39852E-06,0.000132405,0.000515574,0.001247096,0.000180455,0.001910189,0.000787574,0.000425901,0.000205124,0.000245302,4.54563E-05,4.23206E-07,0.00090017,0.000767084,0.000423356,0.000998014,2.88219E-05,0.001239066,5.29191E-07,0.001718651,0.001264977,3.89318E-05,0.001631207,0.00174873,0.000244586,3.98753E-09,0.001022477,0.000509534,0.000104393,0.002699272,0.001084384,0.000771499,0.000588234,0.000737604,0.002389822,0.001128579,0.00084214,0.000313461,0.001097407,0.000966806,0.001484376,0.00090682,1.54564E-05,0.000719717,0.000852961,0.001152009,0.000652806,2.84168E-05,5.64714E-09,0.002265668,1.91978E-05,0.000886901,0.000447622,0.000476696,0.001352105,0.001192544,2.11092E-05,1.51131E-05,3.6816E-05,5.20652E-07,0.000709057,0.000373631,3.04706E-05,0.00124377,0.000884648,6.17907E-06,0.001434715,5.38873E-05,0.001539004,0.001605179,0.001480079,0.000378993,9.93729E-05,0.000627863,0.000125595,7.44504E-05,0.002242637,3.46171E-06,0.000137829,0.000280288,9.98075E-05,5.26424E-06,0.000632045,0.000452449,0.001191065,2.7624E-05,0.001034163,1.58121E-05,1.90708E-05,0.002670669,2.87555E-05,0.000335562,0.003210992,0.002069803,8.12924E-05,0.00013373,0.000974993,0.000281336,0.000100576,0.000121567
Mean FOS:0.736867019,0.569339556,0.491105563,1.281483257,0.86883218,0.396401272,0.287903925,0.439182023,1.269199706,0.898447437,0.861358957,1.256104882,0.942494226,1.129350884,0.070036822,0.221093082,1.359124806,0.101973887,-0.232080053,0.336219169,1.33610311,0.119831781,0.894460619,0.218721413,-0.562878189,-0.682030441,-0.667459207,-1.08446836,-0.859989842,-1.229095382,-0.984862063,-1.500078757,-0.495900535,-0.840705371,-0.441061246,1.196367027,0.250461197,-0.501820604,-0.741199754,-0.182755011,-0.144911769,-0.532999759,-0.469930525,0.749759782,0.497810179,1.881495335,-0.616831717,-0.67705896,0.382127654,-0.849825878,-0.265886529,-0.369864327,0.262171584,-0.480886348,-1.257078623,-1.142897586,-0.595032349,-0.457240301,0.148986689,-0.365180993,-1.246597607,-0.136357148,-0.815853753,-0.425812215,-1.077339942,-0.793016837,-0.84899625,-1.177459862,-1.151879355,-1.099607035,-0.910495324,-0.563693776,-0.632105107,-0.600816033,0.179442264,0.304694149,1.203353202,-0.182585044,-0.564585637,0.686035232,1.29348336,0.472673364,0.248173994,1.02775452,0.995365048,1.237447802,-0.287111956,-0.028932179,-0.640529467,0.571972301,0.117723177,-0.869056928,-0.968069523,-0.00876478,-0.8783487,1.678151876,-0.247756125,-0.366349175,2.129505436,0.373196919,-0.385789979,1.268327319,1.009909307,0.31108498,0.976182383,1.426408072,1.917814624,0.296899702,0.347648299,-0.055815191,-0.608233989,1.383945977,-0.065101357,0.040178605,0.138785277,0.059268015,-1.064455647,-0.019866975,-0.173325019,-1.635615554,-1.247471474,-0.819350228,0.3120834,0.036999395,-0.248792468,-0.987078436


"FP","M1","M2","S1","MC","GA","VA","AuA","ViA","dACC","Vacc","PL","IL","OA","AU","RS","AA","TeAA","Prh","Ech","aOn","TT","DPA","PC","CCA","PAA","CA1","CA2","CA3","DG","FC","IG","lpEC","Sub","proSub","Clst","dEPn","vEPn","LAn","BLA","BMe","PAn","DLS","DMC","NACC SHELL","NACC CORE","FStr","OT","LSN","SFn","aAA","CA","IAn","MAn","Gpe","Gpi","SubInn","MGCn","MCn","DBn","TnS","BNST","VALCT","VMT","VPLT","VPMT","PTTn","MGC","dLGC","LPT","PCT","PlnT","EnT","AVT","AMn","IADT","IMDT","MDT","SMT","pRE ","PVT","PT ","RE","XiT","Rh","CMT","PCn","CLT","RT","IGLLGC","vlLGC","subGn","MHb","LHb","SON","PVH","IPVH","ArH","ADPO","AVPO","AVPV","DMH","MePO","MPA","PSN","SPZ","MCN","AHN","SMN","MPO","VMHn","PHn","LHA","LPO","PSTN","STN","TN ","ZI ","FF","MCO","reSN","VTA","PAG","PreCN","APTN","cSN"

SS:

r^2 :0.001132915,0.00110906,0.001869276,0.001007844,0.000949447,0.00072681,0.000185235,2.18753E-05,0.000255428,0.000375161,4.72817E-05,0.000258315,2.03355E-05,0.001073195,0.000818033,0.001107169,6.72153E-06,0.000147852,0.000732441,0.000806064,0.000641984,0.001160492,5.0692E-05,0.000143782,0.000237286,0.000633117,9.04119E-05,4.67025E-05,0.000162044,0.00055529,5.06484E-06,6.21154E-05,0.000541147,4.91265E-05,9.41037E-05,1.77049E-05,1.05103E-05,0.000287736,0.00103424,9.28212E-06,0.000561305,0.000939634,0.000417645,0.000137828,0.000165239,0.000539483,0.00017913,2.58836E-06,0.000407735,0.000579914,0.000309116,1.23982E-06,1.74988E-05,0.000614004,0.000162372,2.13704E-05,3.7112E-05,1.75572E-05,0.000233634,3.15651E-06,0.000136984,0.000235504,0.001541807,0.001534145,0.001460701,0.002341701,0.000718015,2.55739E-05,3.55142E-05,0.000647561,0.002162152,0.000480939,0.000864055,6.63719E-05,0.00061819,0.000946825,0.001154369,0.002479376,0.001857223,0.000274043,0.000391262,4.36574E-07,0.000193412,0.000203842,0.001331901,0.001114126,0.002300601,0.003196454,9.97239E-05,0.000856981,0.000882755,0.000869767,5.30427E-05,0.000260987,1.98884E-05,0.000277228,0.000504868,0.00047756,0.000158854,0.000169897,1.30313E-05,0.000137674,1.17063E-05,0.000138149,0.000205034,2.77837E-06,0.001449494,0.001024547,0.001432027,6.49941E-05,4.37256E-05,0.000395259,0.001350955,6.51299E-05,5.32054E-05,0.000520369,4.24218E-05,0.000246045,0.000289889,0.002331602,0.000535675,0.000700134,0.000186626,0.001440796,0.000229948,0.000235885

Mean Fos:0.79652272,0.659083528,0.542172792,1.586345625,1.218100703,0.237957273,0.23201304,0.45234807,1.48831714,0.652361172,0.887433384,0.884807786,0.999444606,1.482607873,0.047609635,0.094260189,0.979274105,0.013057148,-0.186661848,0.315878156,1.90292542,0.674177796,1.043992125,0.299045126,-0.404922471,-0.455894235,-0.77197624,-1.098613119,-0.851939454,-1.190393541,-1.040146166,-1.451653679,-0.381329912,-0.924693496,-0.751781663,1.007688512,0.262957385,-0.372288144,-0.59647025,-0.119886494,-0.12290511,-0.472365333,-0.651744844,-0.194153358,0.393616728,0.756371612,-0.462832447,-0.57029867,0.733632971,-0.56867833,-0.252225485,-0.421922833,0.228301169,-0.449445037,-1.009161166,-0.955825412,-0.360323604,-0.278304699,0.184746757,-0.404487594,-0.710644384,0.081854862,-0.89348838,-0.727801123,-0.923337732,-0.479577047,-0.696459248,-0.812986463,-1.002981597,-1.178651293,-1.095482466,-0.560249642,-0.914404421,-0.527126235,-0.176003028,0.02805392,0.591551709,-0.373352975,-0.917833161,0.248310438,1.402989321,0.541433787,-0.365439204,0.178265185,0.173662064,0.740963644,-0.721384657,-0.494194326,-0.536417902,0.860411252,0.269580522,-1.09299004,-0.612409319,0.032153825,-0.584565408,1.345179678,-0.255384429,0.310048998,2.114898294,0.403081383,-0.2691922,1.200079268,0.981397219,0.582616145,0.89371045,1.424660947,2.476648971,0.606448327,0.371008688,0.255813893,-0.164522105,1.326989818,-0.005174406,0.180705681,-0.061465671,-0.233483011,-0.656824865,-0.005660054,-0.383950051,-1.55020484,-0.977461375,-0.15020124,0.432575199,-0.06720767,-0.382803091,-0.804800722

SC

r^2: 1.09055E-06,0.000822668,0.000839585,0.000731529,0.000281123,0.000939437,2.7092E-08,0.001263603,0.001235757,0.000709961,0.000617763,0.00195531,0.002637871,0.000352368,6.92231E-05,0.000598054,3.57789E-05,0.001450639,0.00016437,2.27272E-05,0.00011954,0.00141311,0.002873828,0.001609037,0.000472368,6.9293E-05,0.001024159,0.000552112,0.000224796,1.31142E-06,4.05654E-05,0.00023341,0.00080859,0.001455885,0.001741523,0.000289434,0.00014446,0.002254052,0.001327041,0.002173726,0.002050798,0.00051344,0.000391309,0.002087381,0.001248853,0.000464651,9.73792E-05,0.004245618,0.000614105,0.001592628,0.000610442,0.000773304,0.001941528,7.71639E-05,0.001094454,0.000464038,0.001479319,0.002998758,0.003382822,0.004101705,0.00053979,0.001552687,0.001626889,1.33625E-05,2.75564E-05,6.48397E-05,0.001477847,0.000325708,0.001557023,2.16287E-05,1.81354E-07,0.000420556,0.001179676,0.000583712,6.73461E-05,0.002098791,0.000499092,4.36195E-06,7.70926E-05,0.000568119,0.000116029,0.000523433,0.002539577,0.001502418,3.99799E-05,0.000800673,0.000260261,2.72252E-05,0.000477954,0.000345714,1.00961E-05,0.002102797,1.56143E-07,0.001782848,0.004699381,4.38451E-05,0.001125349,0.004644989,6.91176E-05,0.001492422,0.001899026,5.73388E-07,8.111E-05,0.00056323,4.88217E-05,0.000625122,0.000375027,0.000813132,0.000179886,0.000379676,0.002023122,0.000703277,4.47493E-07,0.000457789,0.000107055,0.000697912,0.000712675,1.89553E-06,0.000129726,0.001464699,0.000688172,0.000339328,0.001025554,0.000872697,2.0646E-05,0.000435101

Mean Fos:1.322202372,0.891431005,0.894602511,2.042478582,1.381969659,0.315963004,0.387872535,0.47915597,1.737733754,1.130931357,1.100252746,1.546307504,1.242308608,1.496724173,0.010790217,0.351101683,1.232485418,-0.026541468,-0.208943113,0.343354558,2.018676354,0.442060573,0.997329015,0.393943477,-0.573075173,-0.597417387,-0.659845597,-1.072440638,-0.830244624,-1.176326635,-0.949308911,-1.457611797,-0.374631255,-0.775157458,-0.635613103,1.246653099,0.373737057,-0.391785513,-0.694575,-0.19573796,0.000248705,-0.454080143,-0.852832856,-0.097893191,0.251478511,0.63774361,-0.666678947,-0.535133979,0.656700661,-0.60182304,-0.439499659,-0.425357687,0.437866613,-0.382864427,-1.143364243,-0.863233101,-0.627327074,-0.61094968,-0.10338906,-0.116707292,-0.790874095,-0.05837872,-0.992987851,-0.749400038,-0.993280562,-1.037824863,-0.794811584,-1.228264276,-1.109867134,-1.284991461,-1.380823332,-0.558130758,-1.13831048,-0.738498172,-0.088354756,0.42293072,0.704911045,-0.517503388,-0.949361762,0.25630503,2.01536357,0.770151093,-0.183772517,0.35247057,0.534765365,0.727762373,-0.939357483,-0.341065794,-0.559715445,0.957949787,0.220475142,-0.891561593,-0.757666532,-0.186126423,-0.590737468,0.528680466,-0.582796104,-0.357022395,2.802272416,0.322309806,0.336863304,0.504481468,0.58767639,0.277485898,0.961570936,1.085861465,1.499027009,0.352728482,0.477129113,-0.235480163,-0.39802657,1.451369389,-0.041151644,-0.095569716,0.221664542,-0.167911224,-0.854965241,0.124063459,-0.104807193,-1.223774499,-1.127540165,-0.640604091,0.704144864,0.297098897,-0.313707286,-0.885564977

MS

r^2: 0.000145501,3.88611E-05,1.42205E-05,0.001526185,0.000614517,0.000252014,8.52093E-05,0.000667687,0.003173291,0.000173044,5.90299E-06,0.000250257,0.000310811,0.000992493,1.52461E-05,0.003771307,0.004110986,2.41096E-07,0.000696838,0.000483862,0.000783374,0.001582481,0.000829717,0.000542694,9.93589E-05,2.02656E-06,3.42758E-05,0.00078611,8.1681E-05,0.000850095,6.88902E-05,0.000884826,0.000395974,0.001122427,2.65536E-05,0.000965921,5.38855E-05,0.000276852,0.000897705,7.53941E-05,0.00037299,0.001089687,4.85302E-05,0.000545145,3.60538E-06,0.002251298,0.001046415,2.95462E-06,0.000265488,0.000681268,0.000433491,0.001355105,2.39953E-05,0.000275403,0.00064211,0.000338843,1.68436E-05,4.99295E-05,0.001745429,0.000821807,0.001185212,2.43284E-06,0.003396739,0.003098502,0.000125266,2.31414E-05,5.60505E-08,0.000843336,0.000318258,0.001100563,0.000386259,2.37052E-05,0.001901511,4.18493E-06,0.00060089,0.001726906,0.000863704,0.001148208,0.003304339,0.002743277,5.47485E-05,0.001302438,0.002215782,0.002518999,0.006970057,0.001823868,0.000206248,0.003418192,0.001030517,0.000271954,0.000154508,0.002133774,0.002283785,0.004919845,0.000615155,4.20897E-05,7.10814E-05,0.000376136,9.7848E-06,1.40615E-05,7.21968E-05,0.000998262,0.000402243,0.002135353,0.000122703,0.000345212,0.003793967,0.000712709,0.000349664,0.001424041,8.5614E-05,1.37861E-06,0.000299205,0.002096125,0.000399445,0.003002221,0.001582648,6.67847E-05,2.66112E-05,0.000284359,0.00048723,0.000167417,0.00292723,0.000419097,8.72711E-05,0.000655081

Mean fos: 1.059893685,0.492934636,0.460131381,1.545057578,0.979983541,0.147225156,0.166235541,1.217671267,2.47640171,1.09058598,1.105908688,1.346449031,1.083752945,1.664057321,0.082582199,0.598116216,1.603176134,0.587810214,0.017619234,0.549554503,1.940221184,0.313431771,1.016904273,0.277374065,-0.52362548,-0.573801036,-0.497750768,-1.00818063,-0.734812597,-1.189637719,-1.183797543,-1.415156687,-0.179345876,-0.58533365,-0.370088546,0.992193322,0.227612177,-0.629078887,-0.66649771,-0.33088639,-0.210540203,-0.377338264,-0.688300917,0.765132932,0.413457297,1.645963543,-0.767826917,-0.438975086,0.542098498,-0.750122217,-0.479783333,-0.561790829,0.066791438,-0.663858311,-1.215943954,-1.016273636,-0.600908775,-0.665428017,-0.183468612,-0.388943313,-1.222385677,-0.152397181,-0.916174809,-0.57105401,-1.258167855,-1.379324036,-1.034431,-1.250067419,-1.119706631,-1.083733985,-1.332774482,-0.614650809,-0.767028644,-0.571139361,-0.218072191,0.453313779,0.941033593,-0.18228577,-0.709310122,0.611122433,1.269869767,0.510940489,0.198825155,0.593934598,0.854621665,0.844554104,-0.787164548,-0.064075202,-0.718095313,0.762714963,0.283732615,-0.909481522,-0.545000377,-0.053241964,-1.016758771,1.614921378,-0.325379091,-0.060693203,1.947231905,0.090845052,-0.219505428,1.394569196,1.099024017,0.215252775,1.025476417,1.067842761,0.464937464,0.044165489,0.490270915,-0.235153643,-0.787982086,1.524984531,-0.288407288,-0.258150622,-0.106238204,-0.505285301,-0.945319976,-0.242661039,-0.442085382,-1.198552846,-1.11280761,-0.656171101,0.293437633,0.459238208,-0.673580195,-0.922189675
