30
0
0
0
0
5
1
0
31
32
33
32
27
0
31
32
33
35
31
0
12
12
12
12
12
10
0
23
22
21
20
19
18
0
16
15
15
15
15
13
0
18
18
17
18
16
14
0
24
25
23
24
23
21
0
9
11
10
11
10
8
0
20
20
19
19
19
17
0
37
36
35
36
34
32
0
22
22
21
21
19
17
0
23
22
21
22
21
20
0
13
13
12
12
11
10
0
8
9
10
11
10
9
0
4
4
4
4
4
4
0
8
8
8
12
12
12
0
6
5
5
5
5
5
0
4
8
8
9
10
9
0
0
0
0
0
0
0
0
5
7
7
7
7
6
0
0
0
0
0
0
0
0
1
2
4
6
6
6
0
0
0
0
0
0
0
0
0
0
0
0
0
0
0
31
31
32
34
28
0
25
25
25
23
21
0
9
0
9
10
11
7
0
9
0
9
10
9
5
0
3
6
8
9
5
0
4
0
4
5
6
2
0
0
1
4
6
7
4
0
16
18
19
21
17
0
25
26
24
23
16
0
16
18
19
20
3
0
11
18
19
21
19
0
15
16
0
18
22
21
0
24
0
24
24
23
23
0
10
10
10
10
9
9
0
13
13
12
12
11
10
0
7
7
8
11
12
12
0
7
9
12
7
1
0
7
9
13
13
12
54
0
0
0
8
11
6
9
54
6
6
6
16
16
0
13
24
5
23
21
21
24
0
23
22
23
11
21
9
10
14
14
14
0
0
0
0
0
1
0
9
7
4
45
29
52
31
17
17
16
10
15
13
12
0
44
39
16
9
22
12
18
14
11
5
9
2
14
13
15
20
18
33
17
8
0
35
11
10
18
7
12
1
29
11
15
15
5
14
6
7
4
6
3
2
6
5
7
10
14
9
18
13
9
6
13
8
7
7
6
4
6
11
13
16
8
10
20
8
15
12
10
14
9
11
5
3
17
7
5
14
5
15
14
38
7
2
8
4
13
11
4
5
6
8
6
12
3
2
5
5
6
7
6
3
4
5
11
5
5
7
7
2
5
8
3
4
9
4
6
4
10
11
21
13
2
7
9
5
8
10
25
6
11
10
2
1
2
0
0
9
6
5
1
0
6
1
1
1
2
7
7
3
3
0
9
4
7
6
5
6
4
2
0
2
2
3
0
3
6
3
0
2
0
0
1
1
0
1
2
2
0
0
0
0
0
0
36
0
30
0
24
5
9
1
12
27
0
0
7
0
0
0
0
10
0
49
9
46
20
8
9
26
8
0
26
7
13
18
15
17
0
0
0
1
17
9
49
24
8
25
1
25
21
5
24
11
10
10
7
14
8
4
17
18
11
42
25
24
32
5