997
184
68
667
526157192
526157196
526322264
985
320
943
648
844
882
993
656
962
767
1021
1085
353
558
838
654
702
889
929
329
981
201
1047
1070
1038
1062
337
1030
113
1094
1128
478
510
345
878
657
950
974
1102
2
369
450
854
577
625
945
1026
361
1006
670
1086
1111
9
461
182305689
182305693
182305697
182305701
182305705
182305709
182305713
378
873
806
1035
1090
862
893
1057
36
180
148
187
638
662
677
897
1106
1010
1058
857
849
1011
527
600
678
252
156
243
1002
735
251
816
847
954
1005
1027
696
643
759
791
249
456
1018
959
755
990
1023
520
598
402
1074
905
1114
233
601
649
394
281
1066
401
433
1046
441
409
421
973
573
613
74
121
385
593
821
721
778
33
305
425
750
269
869
902
377
393
533
805
41
501
565
257
469
312782574
312782578
312782582
312782586
312782590
312782594
312782598
312782628
312782632
312782636
312782640
312782644
312782648
312782652
39
935
211
1015
919
927
48
588
296
772
810
819
972
171
195
304
363
84
132
44
707
747
556
827
1054
1081
723
448
412
630
440
488
731
484
524
582
620
910
527696977
738
746
969
288
1125
608
680
104
996
328
1101
783
831
111
120
163
344
314
355
119
704
694
800
675
699
894
671
965
774
906
279
879
442
434
545
610
274
330
886
542
606
430
687
590
622
312782546
312782550
312782554
312782558
312782562
312782566
312782570
417
312782604
312782608
312782612
312782616
312782620
312782624
541
97
1127
234
289
729
786
922
540
888
692
335
368
895
836
427
988
977
1045
698
507
188
204
159
597
605
814
961
260
268
1139
639
655
232
663
788
566
1089
382
423
463
726
10703
10704
632
982
19
1121
20
52
139
28
526
543
664
727
743
1037
1084
502
484682470
589508447
703
583
952
966
131
303
311
451
327
334
780
623
477
672
56
998
754
250
258
266
310
333
23
292
544
551
559
1105
403
803
1022
1031
835
342
298
564
596
581
351
287
549
629
685
718
725
733
741
563807435
414
422
609
1044
1072
1079
1088
496345664
496345668
496345672
218
1020
1029
325
560581551
255
1096
1104
64
1120
1113
155
59
362
366
1077
149
15
181
560581559
189
599
907
575
930
560581563
262
27
563807439
178
321
483
186
1097
390
332
38
30
118
223
72
263
272
830
452
523
763
914
1109
126
133
347
286
338
576073699
689
88
210
732
606826647
606826651
606826655
606826659
525
1126
1
515
980
1004
63
693
946
194
226
356
364
576073704
173
470
614
797
804
10671
313
851
842
834
828
580
599626923
381
749
607344830
246
128
26
42
17
10
795
50
67
587
614454277
215
531
628
634
706
1061
549009203
214
35
549009211
975
66
75
58
374
12
100
607344834
607344838
607344842
607344846
607344850
607344854
607344858
607344862
197
591
771
931
574
146
512
1009
1016
665
538
900
848
916
336
117
125
832
62
158
93
229
658
482
697
78
484682512
956
579
964
1108
971
484682516
986
784
6
924
1092
484682520
484682524
102
1060
1043
863
397
884
908
940
466
530
603
428
436
443
449
301
484682528
54
349
753
690
681
673
802
595
611
81
98
108
129
140